      0.416  
     -0.260
     -0.171
     -0.001
      0.673
     -0.382
      0.783
      1.161
      0.050
      0.403
      0.390
      1.972
      2.588
      6.750
      9.165
     14.335
     25.127
     29.170
     44.428
     43.494
     60.243
     61.848
     73.398
     75.140
     78.818
     76.667
     86.561
     88.060
     83.409
     88.554
     90.075
     82.048
     91.659
     92.115
     84.223
     79.613
     83.961
     79.218
     75.547
     79.087
     78.124
     82.281
     79.277
     81.943
     80.941
     75.761
     71.856
     75.781
     72.742
     74.446
     69.868
     68.767
     62.872
     67.663
     70.529
     55.349
     64.759
     58.603
     66.754
     64.593
