@01@ p5296 lozano 7-29-97 fdg1 9-9-97 jth                                 
       Corrected     Syringe Weight      Sample Time    Measured   Per
     Sec   Counts     Dry      Wet      Drawn  Counted    Counts   Sec
           1
5 fdg1
       0.    5760.
    0.0000
    0.0000    0.0000
          29
     12.       11.  0.10000  0.67000     0.12    12.30        66   12.
     15.       36.  0.10000  0.73000     0.15    13.39       237   12.
     18.       61.  0.09000  0.60000     0.18    14.25       324   12.
     21.        0.  0.07000  0.63000     0.21    15.05         0   12.
     24.      297.  0.08000  0.60000     0.24    15.50      1592   12.
     27.     3633.  0.09000  0.69000     0.27    16.48     22272   12.
     30.    13335.  0.11000  0.62000     0.30    17.27     69521   12.
     33.    25293.  0.10000  0.57000     0.33    18.09    121240   12.
     36.    38227.  0.09000  0.53000     0.36    18.51    171051   12.
     40.    42329.  0.09000  0.62000     0.40    19.32    226104   12.
     50.    40455.  0.10000  0.61000     0.50    20.15    207217   12.
     59.    37898.  0.11000  0.69000     0.59    20.59    218937   12.
     67.    24452.  0.07000  0.77000     1.07    21.41    168670   12.
     75.    20706.  0.08000  0.70000     1.15    22.25    126451   12.
     83.    18198.  0.11000  0.70000     1.23    23.07    105455   12.
    100.    13608.  0.09000  0.64000     1.40    23.49     73338   12.
    147.    10653.  0.09000  0.80000     2.27    24.33     73158   12.
    204.     9797.  0.12000  0.86000     3.24    25.16     69697   12.
    289.     8524.  0.12000  0.70000     4.49    25.57     47724   12.
    543.     6986.  0.11000  0.66000     9.03    26.45     36958   12.
    946.     4985.  0.09000  0.70000    15.46    27.29     29022   12.
   1538.     4195.  0.10000  0.66000    25.38    28.45     22300   12.
   1904.     3340.  0.07000  0.68000    31.44    31.56     18908   12.
   2355.     4323.  0.08000  0.69000    39.15    39.21     23352   12.
   3408.     2558.  0.12000  0.79000    56.48    56.57     13536   12.
   4147.     2049.  0.09000  0.73000    69.07    69.51      9564   12.
   4778.     1993.  0.09000  0.76000    79.38    79.47      9130   12.
   5133.     1917.  0.06000  0.82000    85.33    85.41      9553   12.
   5796.     1794.  0.12000  0.74000    96.36    96.47      6849   12.
