    Time      Activity   Activity*Time
       0.0     3.2630      5873.455
    1800.0     2.6997      4859.430
    3600.0     2.2336      4020.471
    5400.0     1.8480      3326.355
    7200.0     1.5289      2752.075
    9000.0     1.2650      2276.942
   10800.0     1.0466      1883.838
   12600.0     0.8659      1558.602
   14400.0     0.7164      1289.516
   16200.0     0.5927      1066.887
   18000.0     0.4904       882.694
   19800.0     0.4057       730.301
   21600.0     0.3357       604.218
   23400.0     0.2777       499.902
   25200.0     0.2298       413.596
   27000.0     0.1901       342.191
   28800.0     0.1573       283.113
   30600.0     0.1301       234.235
   32400.0     0.1077       193.795
   34200.0     0.0891       160.337
   36000.0     0.0737       132.656
   37800.0     0.0610       109.753
   39600.0     0.0504        90.805
   41400.0     0.0417        75.128
   43200.0     0.0345        62.157
   45000.0     0.0286        51.426
   46800.0     0.0236        42.548
   48600.0     0.0196        35.202
   50400.0     0.0162        29.125
   52200.0     0.0134        24.096
   54000.0     0.0111        19.936
   55800.0     0.0092        16.494
   57600.0     0.0076        13.647
   59400.0     0.0063        11.291
   61200.0     0.0052         9.341
   63000.0     0.0043         7.729
