@ @@ WELLF= 15.1800 T0= 3.77 K1= 0.349 E=.092 NSMO= 2  p5017ho1.crt        
           1
2 ho1
      30      40
      339554.
      0.00000      25.0000
         120
       2.0    1703.3
       3.0    1183.7
       4.0    1074.1
       5.0    1102.2
       6.0     995.1
       7.0     920.2
       8.0    1104.6
       9.0    1401.6
      10.0    1637.2
      11.0    1722.3
      12.0    1471.9
      13.0    1116.2
      14.0     955.3
      15.0     954.0
      16.0    1292.9
      17.0    1747.6
      18.0    1706.5
      19.0    1437.6
      20.0    1284.2
      21.0    1051.2
      22.0    1114.8
      23.0    1868.6
      24.0    2686.7
      25.0    3309.0
      26.0    5166.9
      27.0   10647.5
      28.0   21527.8
      29.0   38775.3
      30.0   64269.3
      31.0   98473.8
      32.0  136064.0
      33.0  173188.7
      34.0  213790.2
      35.0  256319.0
      36.0  290738.6
      37.0  315710.2
      38.0  333907.5
      39.0  339554.2
      40.0  331995.2
      41.0  319091.6
      42.0  305532.0
      43.0  293092.5
      44.0  279139.8
      45.0  259475.7
      46.0  236069.4
      47.0  214971.1
      48.0  202174.8
      49.0  194364.0
      50.0  180549.8
      51.0  163283.5
      52.0  152521.0
      53.0  144695.6
      54.0  135891.8
      55.0  128787.3
      56.0  122532.1
      57.0  118558.3
      58.0  118523.1
      59.0  116393.2
      60.0  109050.9
      61.0  102926.3
      62.0  100347.6
      63.0   96161.5
      64.0   91164.8
      65.0   89881.7
      66.0   91279.0
      67.0   91747.1
      68.0   89465.7
      69.0   86534.8
      70.0   85487.9
      71.0   84323.3
      72.0   82487.9
      73.0   82407.8
      74.0   82928.6
      75.0   81555.1
      76.0   79056.0
      77.0   77839.7
      78.0   77918.5
      79.0   76372.9
      80.0   73397.9
      81.0   73351.5
      82.0   75589.8
      83.0   75556.0
      84.0   75158.3
      85.0   76549.9
      86.0   75298.0
      87.0   71137.7
      88.0   69459.4
      89.0   70616.9
      90.0   71108.7
      91.0   70753.5
      92.0   70086.6
      93.0   68228.7
      94.0   67440.8
      95.0   69065.2
      96.0   69692.8
      97.0   67573.0
      98.0   63709.5
      99.0   62425.3
     100.0   66605.0
     101.0   69123.0
     102.0   66808.4
     103.0   65952.8
     104.0   66379.4
     105.0   65903.4
     106.0   66509.7
     107.0   66540.9
     108.0   64916.3
     109.0   63046.5
     110.0   61900.9
     111.0   63703.1
     112.0   66414.4
     113.0   66038.3
     114.0   63570.9
     115.0   60514.7
     116.0   52488.3
     117.0   31155.3
     118.0    3591.1
     119.0       0.0
     120.0       0.0
     121.0       0.0
