Transverse           Transverse.d
 -36   106   102	   106   103
 -34   117   110	   112   107
 -32   117   110	   112   107
 -30   116   138	   114   139
 -28   116   138	   114   139
 -26   116   148	   117   148
 -24   116   148	   117   148
 -22   119   151	   121   151
 -20   119   151	   121   151
 -18   130   160	   124   148
 -16   130   160	   124   148
 -14   127   165	   126   166
 -12   127   165	   126   166
 -10   132   169	   130   170
  -8   132   169	   130   170
  -6   133   171	   130   171
  -4   133   171	   130   171
  -2   130   172	   130   172
   0   132   172	   131   172
   2   132   172	   131   172
   4   130   170	   131   171
   6   131   171	   133   171
   8   131   171	   133   171
  10   134   169	   132   169
  12   134   169	   132   169
  14   128   166	   133   169
  16   128   166	   133   169
  18   132   165	   130   164
  20   132   165	   130   164
  22   134   160	   131   161
  24   134   160	   131   161
  26   133   154	   129   154
  28   133   154	   129   154
  30   131   151	   128   150
  32   131   151	   128   150
  34   132   147	   125   146
  36   132   147	   125   146
  38   123   138	   120   137
  40   123   138	   120   137
  42   123   138	   120   137
  44   122   127	   112   127
  46   122   127	   112   127
  48   115   117	   108   116
  50   115   117	   108   116
  52   115   117	   108   116
  54   106   106	   101   105
  56   106   106	   101   105
  58    94    91	    88    87
  60    94    91	    88    87
