Pie ratios                                                            
   30  5
      15.16      13.49       1.12       9.93       7.67
      17.08      15.18       1.12      11.13       8.71
      18.15      16.12       1.13      11.80       9.30
      19.50      17.28       1.13      12.64      10.03
      20.26      17.94       1.13      13.11      10.44
      16.95      14.70       1.15      10.94       8.55
      17.28      15.01       1.15      11.15       8.73
      18.50      16.07       1.15      11.90       9.39
      19.37      16.87       1.15      12.46       9.88
      20.14      17.50       1.15      12.93      10.29
      16.33      14.58       1.12      10.67       8.32
      17.37      15.52       1.12      11.34       8.90
      18.31      16.34       1.12      11.92       9.41
      19.88      17.71       1.12      12.91      10.26
      16.74      15.22       1.10      11.02       8.62
      17.07      15.51       1.10      11.23       8.81
      18.26      16.62       1.10      11.99       9.47
      19.58      17.80       1.10      12.82      10.19
      20.99      19.02       1.10      13.70      10.96
      17.57      15.68       1.12      11.46       9.00
      17.98      16.06       1.12      11.72       9.23
      19.29      17.22       1.12      12.55       9.95
      20.98      18.73       1.12      13.61      10.88
      23.03      20.49       1.12      14.88      11.98
      17.43      15.48       1.13      11.34       8.90
      17.75      15.77       1.13      11.55       9.08
      19.19      17.05       1.13      12.46       9.87
      20.36      18.06       1.13      13.18      10.50
      18.59      16.54       1.12      12.08       9.55
       1.71       1.54       0.02       1.08       7.95
