 Table of Region Locations for TIMAGE generated by TIMAGTAB 12-Oct-89
     0     0     1
  0  0
     1     0     5
  0 -1  0  0  0  1 -1  0  1  0
     1     1     1
  0  0
     2     0    13
 -2  0  2  0  0 -2  0  2 -1 -1  0 -1  1 -1 -1  0  0  0  1  0 -1  1  0  1
  1  1
     2     1     9
 -1 -1  0 -1  1 -1 -1  0  0  0  1  0 -1  1  0  1  1  1
     2     2     1
  0  0
     3     0    37
 -1 -3  0 -3  1 -3 -1  3  0  3  1  3 -2 -2 -1 -2  0 -2  1 -2  2 -2 -2  2
 -1  2  0  2  1  2  2  2 -3 -1 -2 -1 -1 -1  0 -1  1 -1  2 -1  3 -1 -3  0
 -2  0 -1  0  0  0  1  0  2  0  3  0 -3  1 -2  1 -1  1  0  1  1  1  2  1
  3  1
     3     1    29
 -3  0  3  0  0 -3  0  3 -2 -2 -1 -2  0 -2  1 -2  2 -2 -2 -1 -1 -1  0 -1
  1 -1  2 -1 -2  0 -1  0  0  0  1  0  2  0 -2  1 -1  1  0  1  1  1  2  1
 -2  2 -1  2  0  2  1  2  2  2
     3     2    21
 -1 -2  0 -2  1 -2 -1  2  0  2  1  2 -2 -1 -1 -1  0 -1  1 -1  2 -1 -2  0
 -1  0  0  0  1  0  2  0 -2  1 -1  1  0  1  1  1  2  1
     3     3     5
  0 -1  0  0  0  1 -1  0  1  0
     4     0    57
 -1 -4  0 -4  1 -4 -1  4  0  4  1  4 -2 -3 -1 -3  0 -3  1 -3  2 -3 -2  3
 -1  3  0  3  1  3  2  3 -3 -2 -2 -2 -1 -2  0 -2  1 -2  2 -2  3 -2 -3  2
 -2  2 -1  2  0  2  1  2  2  2  3  2 -4 -1 -3 -1 -2 -1 -1 -1  0 -1  1 -1
  2 -1  3 -1  4 -1 -4  0 -3  0 -2  0 -1  0  0  0  1  0  2  0  3  0  4  0
 -4  1 -3  1 -2  1 -1  1  0  1  1  1  2  1  3  1  4  1
     4     1    49
 -4  0  4  0  0 -4  0  4 -2 -3 -1 -3  0 -3  1 -3  2 -3 -2  3 -1  3  0  3
  1  3  2  3 -3 -2 -2 -2 -1 -2  0 -2  1 -2  2 -2  3 -2 -3 -1 -2 -1 -1 -1
  0 -1  1 -1  2 -1  3 -1 -3  0 -2  0 -1  0  0  0  1  0  2  0  3  0 -3  1
 -2  1 -1  1  0  1  1  1  2  1  3  1 -3  2 -2  2 -1  2  0  2  1  2  2  2
  3  2
     4     2    45
 -2 -3 -1 -3  0 -3  1 -3  2 -3 -2  3 -1  3  0  3  1  3  2  3 -3 -2 -2 -2
 -1 -2  0 -2  1 -2  2 -2  3 -2 -3 -1 -2 -1 -1 -1  0 -1  1 -1  2 -1  3 -1
 -3  0 -2  0 -1  0  0  0  1  0  2  0  3  0 -3  1 -2  1 -1  1  0  1  1  1
  2  1  3  1 -3  2 -2  2 -1  2  0  2  1  2  2  2  3  2
     4     3    25
 -2 -2 -1 -2  0 -2  1 -2  2 -2 -2 -1 -1 -1  0 -1  1 -1  2 -1 -2  0 -1  0
  0  0  1  0  2  0 -2  1 -1  1  0  1  1  1  2  1 -2  2 -1  2  0  2  1  2
  2  2
     4     4     5
  0 -1  0  0  0  1 -1  0  1  0
